52.5
51.5
52.0
52.5
52.7
48.6
52.3
49.6
50.8
51.0
52.8
52.0
52.6
53.0
52.9
51.4
50.8
51.2
50.3
51.0
50.4
51.6
50.6
49.7
51.0
53.9
53.5
52.1
50.6
51.8
51.7
51.2
52.4
50.1
51.8
54.5
51.2
50.9
51.3
53.2
53.2
51.1
50.7
52.3
52.5
51.3
54.4
51.2
50.8
51.5
53.1
53.9
52.5
50.7
49.3
49.4
49.9
48.2
50.5
55.3
51.9
52.2
51.4
52.0
51.7
53.8
51.5
49.7
52.2
49.4
50.5
52.0
51.6
50.6
50.1
51.6
50.4
51.1
53.2
52.8
49.6
51.5
51.7
53.6
51.7
51.9
52.3
50.6
50.9
48.3
50.5
52.4
51.9
50.3
52.0
51.6
50.5
52.3
51.4
52.9
50.8
51.6
53.2
53.3
52.7
52.8
54.3
51.0
53.5
51.0
51.9
52.7
53.4
53.3
52.2
53.4
51.8
53.6
50.3
54.7
53.9
54.3
53.4
52.9
53.3
53.7
53.8
52.0
55.0
52.1
53.4
53.8
53.8
51.9
52.1
52.7
51.8
56.6
53.3
55.6
56.3
56.2
56.1
56.2
53.6
55.7
56.3
55.9
55.6